oriented: [ -1.2, -6.4 ]

refracted: [ 7.44835, -7.22107 ]
