hitValue: [ 0.444444, 0.253968, 0.301587 ]

image:
  ref: ''
  dim: [ 1, 1 ]
  mipmaps: 1
  comps: 1234
  data: [ 0.444444, 0.253968, 0.301587, 0.0 ]
